['CC-lilpeepCC-lilpeep/ч', 6, 0, 81.09677419354838]
['parnye_kotyCC-parnye_koty', 1, 0, 531.9032258064516]
['CC-lediCC-ledi/ч', 42, 0, 414.1290322580645]
['CC-miyagi12CC-miyagi12/ч', 32, 0, 353.8064516129032]
['CC-glazaCC-glaza/ч', 30, 0, 33.87096774193548]
['СС-Вышел_покурить', 0, 0, 303.8709677419355]
['СС-Скали', 8, 0, 95.87096774193549]
['СС-коты_лук_и_сердце', 0, 0, 372.258064516129]
['СС-Хазяева', 29, 0, 189.70967741935485]
['СС-Вышел_покурить2', 0, 0, 432.9032258064516]
['СС-ЦОЙСС-ЦОЙ/ч', 0, 0, 139.3548387096774]
['СС-Земфира', 33, 0, 205.70967741935485]
['СС-rocketСС-rocket/ч', 45, 0, 59.516129032258064]
['CC-armeniyaCC-armeniya/ч', 21, 0, 182.22580645161293]
['СС-Кровосток', 3, 0, 140.2258064516129]
['CC-OG_BudaCC-OG_Buda/ч', 13, 0, 503.1290322580645]
['СС-Импровизация', 41, 0, 113.83870967741936]
['СС-чбд', 3, 0, 102.80645161290322]
['ННБ-Скала_Джонс', 77, 0, 52.67741935483869]
['СС-коты_мем_6шт', 0, 0, 312.9032258064516]
['СС-коты_близко', 1, 0, 2338.3548387096776]
['СС-Шрек', 105, 0, 85.32258064516128]
['СС-коты_язык', 0, 0, 504.51612903225805]
['СС-Ноиз', 0, 0, 92.90322580645162]
['СС-джизус2', 46, 0, 131.4193548387097]
['СС-маг_битва', 4, 0, 54.70967741935484]
['СС-тдд', 331, 0, 1174.1612903225807]
['СС-ОГ_Буда2', 0, 0, 466.45161290322585]
['СС-Кишлак', 3, 0, 995.7096774193549]
['СС-Скриптонит', 22, 0, 76.06451612903226]
['СС-СтичСС-Стич/ч', 49, 0, 1275.516129032258]
['СС-ИвлееваСС-Ивлеева/ч', 176, 0, 2826.5806451612902]
['СС-КосмонавтыСС-Космонавты/ч', 0, 0, 19.35483870967742]
['CC-УННВСС-УННВ/ч', 120, 0, 385.1612903225806]
['CC-КИШCC-КИШ/ч', 65, 0, 139.51612903225808]
['CC-fara_netpytiCC-fara_netpyti/ч', 52, 0, 471.8709677419355]
['CC-olymposCC-olympos/ч', 0, 0, 110.3225806451613]
['CC-russiaCC-russia/ч', 67, 0, 28.483870967741936]
['СС-strykaloСС-strykalo/ч', 50, 0, 124.19354838709677]
['CC-nervy2CC-nervy2/ч', 0, 0, 492.9032258064516]
['CC-nervyCC-nervy/ч', 11, 0, 205.1290322580645]
['CC-rickmortyCC-rickmorty/ч', 55, 0, 177.25806451612902]
['СС-Пусикилер', 31, 0, 1.9032258064516157]
['СС-бр_мает', 15, 0, 24.354838709677423]
['СС-santizСС-santiz/ч', 17, 0, 350.741935483871]
['CC-arabskii2CC-arabskii2/ч', 17, 0, 268.80645161290323]
['CC-mayotCC-mayot/ч', 1, 0, 230.61290322580643]
['СС-ГубкаБобСС-ГубкаБоб/ч', 65, 0, 29.83870967741936]
['СС-азерб2', 0, 0, 85.16129032258064]
['СС-Кишлак2', 1, 0, 302.2258064516129]
['СС-рыжие_коты', 0, 0, 408.38709677419354]
['ННБ-наруто_глаза', 27, 0, 2.6774193548387117]
['СС-МЧТ', 36, 0, 14.322580645161288]
['CC-azerbCC-azerb/ч', 55, 0, 291.45161290322585]
['СС-Маркул', 17, 0, 155.9032258064516]
['CC-nervi3CC-nervi3/ч', 35, 0, 154.67741935483872]
['СС-КизаруFDO', 16, 0, 43.35483870967742]
['CC-koty_memy', 0, 0, 100.64516129032258]
['ННБ-ДжоДжо', 3, 0, 34.41935483870967]
['ННБ-Рик_и_Морти_ч', 18, 0, 49.741935483870975]
['ННБ-Евангелион', 7, 0, 21.38709677419355]
['СС-тдд2', 7, 0, 269.7741935483871]
['СС-Ванпис', 8, 0, 21.67741935483871]
['СС-Бандана', 68, 0, 118.4516129032258]
['СС-ПлатинаСС-Платина/ч', 1, 0, 37.70967741935484]
['СС-ЛСПСС-ЛСП/ч', 0, 0, 608.3870967741935]
['СС-джизусСС-джизус/ч', 28, 0, 196.51612903225808]
['CC-animeCC-anime/ч', 88, 0, 106.19354838709677]
['CC-arm2CC-arm2/ч', 64, 0, 170.83870967741936]
['СС-Лизер', 13, 0, 37.96774193548387]
['CC-pmCC-pm/ч', 3, 0, 600.2258064516129]
['CC-NirvanaCC-Nirvana/ч', 25, 0, 80.16129032258064]
['ННБ-Рик_Оранж', 0, 0, 17.419354838709676]
['СС-УННВ2', 88, 0, 174.5806451612903]
['СС-Пирокинезис', 29, 0, 68.41935483870968]
['СС-хантер', 6, 0, 73.35483870967742]
['CC-santiz_m', 14, 0, 61.483870967741936]
['TC-скребок', 0, 0, 9.032258064516128]
['22CC-sinie_koty', 0, 0, 212.9032258064516]
['СС-КРД', 5, 0, 55.64516129032258]
['СС-Атака_титанов', 0, 0, 48.38709677419355]
['CC-kazCC-kaz/ч', 0, 0, 18.709677419354836]
['CC-oxxxyCC-oxxxy/ч', 18, 0, 151.67741935483872]
['CC-macan12CC-maccan12/ч', 8, 0, 109.41935483870968]
['ННБ-Не_в_деньгах', 59, 0, 24.225806451612897]
['ННБ-Инвстировал', 45, 0, 80.16129032258064]
['ННБ-хантер', 18, 0, 43.935483870967744]
['СС-Кизару', 0, 0, 154.83870967741936]
['CC-pm3CC-pm3/ч', 0, 0, 1.935483870967742]
['CC-kiskisCC-kiskis/ч', 0, 0, 103.2258064516129]
['СС-бр_тдд', 15, 0, 10.161290322580644]
['СС-бр_пм', 2, 0, 19.29032258064516]
['СС-Фладд', 13, 0, 97.96774193548387]
['CC-rickmorty2', 16, 0, 111.09677419354838]
['CC-ДораCC-Дора/ч', 0, 0, 2.5806451612903225]
['ННБ-Уно', 0, 0, 44.516129032258064]
['ННБ-ЧБ', 3, 0, 18.93548387096774]
['ННБ_Берсерк', 0, 0, 14.838709677419356]
['СС-бр_коты_парные', 2, 0, 3.161290322580645]
['CC-maxkorzhCC-maxkorzh/ч', 0, 0, 63.2258064516129]
['СС-fara_kaifСС-fara_kaif/ч', 0, 0, 0.6451612903225806]
['CC-pm2CC-pm2/ч', 0, 0, 31.61290322580645]
['CC-rukiparnyeCC-rukiparnye/ч', 0, 0, 0.6451612903225806]
['СС-бр_факи', 1, 0, 10.612903225806452]
['СС-бр_уннв', 0, 0, 9.032258064516128]
['СС-бр_планы_на_день', 1, 0, 15.129032258064516]
['СС-бр_рептилоид', 7, 0, 4.612903225806452]
['CC-santiz_s', 10, 0, 70.64516129032258]
['CC-Рамиль', 0, 0, 20.64516129032258]
['СС-10AGE', 0, 0, 21.29032258064516]
['СС-бр_гуль', 0, 0, 14.193548387096776]
['ННБ-геншин', 10, 1, -4.838709677419355]
['ННБ-Гуль', 60, 1, -14.193548387096769]
['ННБ-ЧБ2', 42, 1, -8.451612903225808]
['ННБ-Ханжиме', 73, 1, -6.548387096774192]
['СС-бр_импровизация', 35, 1, -13.70967741935484]
['ННБ-ведьмак', 16, 1, -6.967741935483872]
['ННБ-КРД_Аказа', 16, 1, -5.03225806451613]
['ННБ-КРД', 24, 1, -4.64516129032258]
['ННБ-магическая_битва2', 63, 2, -55.25806451612903]
['СС-бр_глаза', 20, 2, -18.064516129032256]
['СС-бр_рикморти', 38, 2, -27.67741935483871]
['ННБ-Бравл', 44, 2, -27.225806451612904]
['ННБ-Рик_в_поле', 34, 2, -17.870967741935484]
['ННБ-магическая_битва', 58, 2, -48.96774193548387]
['ННБ-ДокторСтоун', 49, 2, -41.903225806451616]
['СС-бр_россия', 22, 2, -18.129032258064516]
['СС-бр_макан', 18, 2, -12.193548387096774]
